2814922242
2812390544
2813456782
2816537546
2818950965
2814936779
2814931882
2812390544
2818950965
2815906303
7137230972
7134600200
7134366334
7132648031
2814922242
2818355223
7136819460
7134261015
2812390544
2814856735
2816537546
7134366334
2812390544
7138619263
2814498980
7134366334
2817592330
2819800722
7139464995
2812081428
2818610300
2817592330
7136830752
7137333227
2814126533
2813284132
2819224455
2814940503
2814313048
7137857606
7134342574
7134661842
7138611341
2813456782
2812390544
2814856735
7137428868
2818599936
2814473722
7137976446
2814413483
2817581934
7137428868
7136685882
7137976446
7137428868
2814583065
7134661842
2813382077
2818932269
8324787717
2812390544
2818948310
7137976446
7134366334
7138619263
7136830752
2818902633
2814856735
7136736642
2814583065
7137239100
2818355223
2814583065
2814936779
7136354242
7134366334
2814922242
7137333227
7138611341
7137857606
7136737542
2816537546
7132648031
2819224455
7134661842
7136357730
2814313048
2818932269
2814494425
2815654411
2814494425
7137745778
7137976446
7136354242
7134366334
2812729400
2819803553
7139460012
7134661842
7136357730
7137239100
2814313048
7134661842
7137239100
2819395623
2817592330
2814547977
7134661842
2812390544
7137890082
2819803553
2814472328
7134661842
2814950120
7137815835
2813456782
2819803553
2816537546
2812390544
7134366334
7137976446
2819803553
7134366334
2814826588
2812081428
7137976446
7134661095
2814583065
7134342574
2814936779
2815654411
2814126533
7137420446
2814547977
2814856735
2814847113
2819803553
2819708305
2814498980
2819224455
7137976446
7134366334
7137976446
7135280016
2812081428
7137976446
2816537546
2818948310
2813456782
2812566335
7134661842
2813456782
2814313048
7135280016
2814126533
2814472328
7137976446
2814936779
7134661842
7134369095
2819800032
7134661842
2817592330
7134661842
2812390544
2812390544
7134366334
7134618636
2819968284
2812081428
2818902633
7135280016
2818902633
2817582125
7138128899
7137333227
7137420446
2814583065
2814847113
7134600200
7134369095
7139739003
2819800032
2814583065
7134661842
7134661842
2812390544
2818355223
2814950120
7134661842
2814856735
2814498980
7137333227
2814856735
2819968284
7139460012
7139359340
2819224455
2814126533
2819803553
7132246964
2812390544
2814931882
2818355223
2812081428
2814445871
7134369095
2819803553
7134131570
2814313048
7134366334
2819968284
7134131570
2815906303
7139105889
2812390544
2814547977
2819803553
7137976446
7132246964
2819395623
2818355223
7134661842
7138805880
2812390544
8325951250
7132648031
7134661842
7134515516
2815906303
2814498980
7137976446
7136357730
2817582125
2814856735
7134515516
7137428868
2819968284
2814856735
2814126533
7137857606
2818618119
2814413483
2819803553
7136737542
7136354242
7134366334
7137745778
2818905386
2814583065
2812390544
7134661842
7134131570
7134366334
2818355223
2818618119
2813456782
7137745778
2814473722
7134131570
2819803553
2818355223
2814583065
2814922242
2812081428
2813456782
2813456782
8324787717
7134131570
2818950965
2814583065
2814940503
2814494425
7134366334
7134515516
7134369095
2812390544
2814940503
7139105889
2812390544
2814922242
2819224455
2819803553
2814313048
7134366334
2816537546
7137471715
8324787717
2814462018
2814826588
2814473722
2814313048
7136736642
7134366334
2818355223
7134661842
7137857606
8324787717
2819224455
7134661842
2814472328
2814313048
7137857606
2812081428
7137976446
7134342574
2814796048
7134600200
2812390544
7134342574
7136443700
2814847113
2814826588
2814932019
2819224455
7137333227
7134515516
7135697622
2818587212
7135280016
2814413483
7136729282
2816537546
2814494425
2814856735
2814126533
7134661842
2819803553
2814931882
2812390544
2814922242
2816537546
2814413483
7134342574
3123507877
2814856735
2813704357
2812390544
7135280016
7135280016
2814494425
2818618119
7134661842
7137333227
2818905386
7135278907
7136357730
2814856735
7137976446
2814936779
2814856735
2814922242
7136737542
2818355223
2814634022
2814126533
2815654411
2814913235
2813456782
2812390544
2814547977
2814126533
7134131570
2814922242
7139739003
2814583065
2814856735
2812081428
2812390544
2812390544
2815906303
2814313048
7139359340
7137976446
2814847113
7134366334
2812607053
2819968284
2819968284
7136354242
2812390544
7137976446
7134342574
7137976446
7137420446
2812390544
2815654411
7134366334
2813704357
3123507877
2813456782
7139359340
2814413483
7134366334
7137481375
7139460012
7134366334
2819968284
2812729400
8324787717
7137428868
2814936779
2819968284
2818950965
2814498980
2814494425
7138128899
2814856735
7134342574
7134661842
7132648031
2812390544
2815906303
7136729282
2818618119
7134131570
2819803553
2814494425
7137857606
7138619263
7138128899
2814494425
2818610300
2815906303
7137428868
7134600200
2819803553
2814940503
2818355223
2819224455
7134661095
7132648031
2814847113
2818726742
7136736642
2818355223
7134342574
2819800032
7137857606
7134366334
7136830752
2814856735
7134366334
2818610300
2814922242
2818610300
2812390544
2814313048
2814494425
7137428868
2814931882
7134369095
2819968284
7134618636
2815654411
2814313048
7134661842
2814126533
7137481375
2814940503
2812390544
2814940503
2812607053
2818950965
7136354242
2818355223
7136737542
2812390544
2818902633
2813704357
7137420446
7137230972
2812390544
2814856735
2814922242
7136354242
2814936779
2814583065
2816537546
7134366334
2816537546
7134661842
2819803553
7137239100
7136443700
7132648031
7137976446
7136354242
7134515516
7134366334
2812566335
2818902633
2814932019
7136357730
2819803553
7134515516
7134342574
2814940503
2818355223
2812390544
8324787717
7134366334
7137815835
7138611341
2814126533
2812081428
2814313048
2812390544
2814313048
2814313048
2814922242
2819708305
2819803553
7137976446
2813042071
7139460012
7137239100
7134661842
2812390544
2814940503
2814313048
2812390544
7139460012
2814583065
2814856735
7134555386
7137857606
7134131570
2814313048
2818932269
2814126533
7134366334
2818905386
7136354242
7137239100
7134600200
2812721045
7134515516
2814413483
7137976446
7136354242
2818355223
2814583065
7134600200
7137976446
2816537546
7134661842
2814473722
2819803553
2818587212
2814922242
7134366334
2814583065
2814922242
7135280016
7134366334
7137428868
2814856735
2812729400
2812081428
2812390544
7134515516
8324787717
7136948031
7136354242
2814856735
7134661842
2815906303
2817582125
2814940503
2814940503
2814922242
2812390544
2819803553
2818245024
7134661842
2818610300
2814883326
2812808180
7135697622
2814583065
7134342574
2818355223
2812390544
7134618636
2818932269
2814583065
2814126533
8324787717
2814940503
7134725313
2812567401
2816537546
2816537546
7134366334
2818726742
7137857606
7139460012
2818610300
2812729400
2814940503
2812390544
2816537546
7137976446
7134600200
2815906303
2814126533
7134131570
7134131570
2814126533
2814856735
2814847113
2816537546
7138805880
7134661842
8324787717
7135280016
2814922242
7134661842
7134661842
2812390544
7137428868
7134366334
2814922242
2819968284
2814922242
7134366334
2812390544
2819224455
2818355223
7134600200
7135280016
2812390544
2814583065
7136948031
7134342574
7134661842
7136354242
7139464995
7136830752
2814472328
7136354242
7137976446
7134369095
7134261015
2814922242
7134131570
2814126533
2818948310
7132648031
2816537546
2818355223
7136354242
7134366334
7134366334
2814922242
7137428868
7137976446
2814931882
2815654411
2817582125
7134366334
2819395623
2814313048
7134661095
7139105889
7134342574
7132246964
2818618119
2812390544
2819803553
2818932269
2814313048
2814472328
2817582125
2814494425
2812390544
2819803553
7134366334
2814498980
2819803553
7139359340
2818355223
7134661842
8324787717
7134366334
2812390544
2812081428
2814494425
2814796048
7137420446
7134131570
2818355223
2814922242
2814583065
2812390544
2819395623
7134661842
7136357730
7134366334
2814313048
2814126533
2819803553
2814547977
2819968284
7134600200
2812390544
2814473722
7134369095
7139359340
2815906303
7136736642
2812390544
2812081428
7134661842
2816537546
7136830752
2814856735
2815906303
7132648031
2814856735
7137976446
7137857606
2815906303
7134661842
2812729400
7134131570
2819803553
2814313048
7137333227
7137976446
8325951250
7136819460
2814856735
2814856735
2813456782
7136737542
7134366334
2818950965
2815906303
7134366334
7134661842
7139460012
2818932269
2814494425
7134366334
7139359340
7139412204
2815906303
2815654411
2814313048
2814583065
7137745778
7134131570
2818905386
2812567401
2815654411
7134366334
2814856735
2815654411
2819803553
2814583065
2812390544
2814856735
7134661842
7138957888
7137745778
2812390544
2814494425
7139464995
2816537546
7134366334
2814498980
2812729400
2814931882
2818902633
7137815835
7134366334
2814494425
2812390544
7139359340
7134369095
2814847113
7134366334
2814520785
7134366334
7137976446
2815906303
7137333227
2819803553
2812390544
2814413483
8323513015
2812729400
7137333227
2814856735
2817582125
7134515516
2818726742
2814913235
7137857606
3123507877
2812607053
2818355223
7136736642
7137976446
7134725313
2814498980
2816537546
2814313048
7137976446
7134366334
2817592330
2812081428
2816537546
2814856735
2814786980
2814313048
2814856735
7137333227
7134342574
2814932019
2814313048
7138957888
2814856735
2818610300
2814494425
2814922242
2814313048
2814922242
2812607053
7134661842
2812390544
7137976446
7136354242
3123507877
2814583065
7137976446
7134366334
2813988400
7136354242
7132648031
2816537546
7135280016
7134661842
2814826588
7137230972
2812390544
2814856735
2818355223
2814583065
2814472328
7134131570
7134366334
2816537546
2814472328
2819968284
2814583065
7136737542
2815906303
2815688920
7136452041
2814922242
2818355223
2814931882
7134366334
2819968284
2814856735
2816537546
2814126533
7134661842
7134131570
2812390544
2814126533
7139412204
2813456782
2814931882
7134600200
2814856735
2812390544
7134661842
7134661842
2819803553
2812390544
7134661842
2814473722
8324787717
2815654411
2814856735
2812567401
7134600200
7134261015
2818245024
2816537546
2816537546
2814583065
2812390544
2819800032
2814313048
2812607053
7136729282
3123507877
7136948031
7137333227
2814414030
7134515516
8323281890
7136354242
2817581934
7136452041
2818618119
2819968284
7139359340
7139105889
2814940503
7134366334
7134661842
7134369095
2812081428
2814583065
2817592330
2814922242
7136830752
2819803553
2814498980
2814583065
7136819460
2814583065
2814583065
2814856735
7134369095
2812390544
2819968284
2814931882
7139105889
2814547977
7134366334
2814856735
7134369095
7134661842
7136357730
7137333227
7137230972
2814940503
2814494425
7134661842
2816537546
7139460012
7134600200
7134369095
2812390544
7134661842
2814922242
7134618636
2814126533
7136354242
7138619263
2817582125
7132648031
2812081428
7134515516
2814473722
2812390544
7134366334
7135697622
2818905386
2818355223
7137745778
7134600200
2812729400
2814856735
2819800032
2814922242
2819803553
2814413483
7137239100
7134366334
7137976446
2814856735
7137976446
7136737542
2814931882
2812390544
2819968284
2816537546
7137976446
7136452041
2813456782
7134366334
7138128899
7134369095
2814583065
7134366334
2819803553
2816537546
2814313048
7134342574
2814313048
2812390544
