79
85
117
118
89
110
88
76
103
91
91
48
106
89
74
81
112
0
118
83
106
99
116
82
90
77
117
86
97
99
93
69
84
110
0
90
64
65
90
95
113
99
0
97
68
67
106
67
88
91
78
89
123
110
117
120
114
117
74
87
90
57
136
0
0
0
85
85
91
84
126
0
62
106
82
53
83
83
70
68
92
94
68
105
91
101
102
87
96
84
111
99
63
112
107
114
58
110
98
0
86
0
76
57
0
103
86
101
76
57
81
83
102
94
78
92
66
106
48
96
115
71
75
109
0
103
55
117
116
93
74
83
78
97
104
93
88
68
60
93
120
84
128
95
103
0
115
92
112
78
91
70
83
62
58
97
97
128
112
130
91
81
106
112
81
87
119
86
0
0
0
0
98
103
81
93
80
85
96
69
82
87
105
114
68
108
0
89
66
96
72
86
130
64
72
70
53
104
75
79
92
90
114
103
80
110
0
105
0
94
90
0
96
0
96
101
0
95
126
126
89
109
86
111
75
79
92
71
0
65
82
82
87
81
98
93
90
131
88
68
87
116
78
81
85
99
98
74
98
104
97
80
98
87
87
86
109
99
64
112
88
95
72
67
96
91
68
92
79
0
81
86
0
120
84
71
93
91
104
78
82
102
61
78
89
113
107
135
0
110
72
64
101
78
103
88
95
108
0
107
74
78
72
85
109
133
67
0
88
0
84
113
72
96
0
124
73
115
81
79
101
112
112
100
121
98
93
97
75
67
118
103
122
79
113
103
106
71
69
92
82
76
96
127
84
107
48
102
122
65
129
104
108
100
99
85
98
95
0
84
129
116
107
0
0
65
91
65
107
101
73
83
85
123
0
85
106
128
68
123
115
94
109
87
114
95
93
75
90
72
100
106
93
0
72
136
70
62
139
86
81
81
89
85
108
130
86
0
82
60
0
87
94
0
61
0
79
0
98
70
118
90
72
90
88
85
102
83
87
118
102
125
99
92
72
80
73
100
110
97
66
123
86
106
120
113
114
111
101
116
89
0
68
102
70
123
72
94
116
92
87
96
67
68
77
74
92
88
109
88
110
69
0
102
106
81
88
70
104
67
108
103
0
88
0
113
109
95
90
115
74
76
87
0
96
105
93
108
0
98
77
87
105
133
116
99
59
70
105
91
103
86
112
94
0
0
63
0
116
89
95
90
82
96
0
81
95
108
0
89
95
77
135
87
96
93
76
115
75
0
77
91
71
0
123
127
84
0
99
106
0
97
118
0
0
64
92
57
95
72
121
0
95
60
90
87
0
114
69
86
133
77
90
74
99
97
99
126
65
85
86
116
109
74
51
68
82
89
81
95
63
112
92
89
64
87
89
78
105
103
107
83
125
89
83
58
108
86
132
0
107
89
0
0
105
92
127
0
83
109
48
47
96
83
99
113
0
69
84
114
66
94
58
78
89
84
71
70
129
92
99
112
0
94
82
67
97
0
106
68
0
0
98
0
98
77
126
67
82
0
66
103
91
72
103
87
111
110
80
69
86
0
96
72
82
60
105
0
106
89
100
118
96
73
98
78
90
82
72
98
130
118
76
90
102
78
90
84
56
0
89
94
88
101
51
79
116
94
0
68
104
0
63
80
94
77
86
0
0
69
47
106
70
0
112
83
110
0
112
0
103
119
108
0
97
91
120
115
74
61
91
72
107
81
95
105
92
96
87
80
95
110
90
75
69
87
93
72
108
66
96
82
117
110
86
141
0
113
84
73
103
0
99
100
0
91
100
99
125
82
84
72
104
89
108
70
91
107
81
63
62
95
111
99
127
98
91
116
77
95
0
84
92
74
0
111
73
80
62
125
118
112
96
83
67
101
79
110
119
105
95
115
123
76
110
0
0
89
88
0
83
0
94
45
101
113
101
73
69
83
0
89
89
88
0
0
92
91
103
91
100
87
87
0
68
94
104
68
94
78
102
97
88
109
107
90
0
0
65
83
99
129
91
65
84
96
77
0
55
87
106
92
100
124
91
110
74
84
107
95
83
86
118
52
80
94
107
97
73
130
88
86
107
85
97
0
77
104
86
76
118
78
68
80
79
120
89
102
98
78
87
0
101
96
91
111
78
0
82
75
67
97
94
102
90
88
80
78
91
97
105
0
95
87
110
73
124
107
85
119
70
95
117
74
74
83
86
123
68
0
0
121
93
119
0
135
78
0
0
91
0
88
97
124
89
92
0
96
69
62
50
87
76
115
88
64
94
73
103
85
96
95
119
83
110
94
74
120
89
90
