71
52
58
54
53
77
75
62
69
65
56
55
65
55
81
70
62
61
70
62
57
54
53
64
62
78
63
78
60
59
55
63
62
67
62
55
74
61
61
58
81
47
55
47
73
63
73
56
78
58
63
62
55
62
79
61
55
55
75
57
61
75
50
51
71
53
57
76
66
58
51
64
79
69
73
63
78
60
62
62
65
59
57
66
71
77
57
58
55
57
57
56
54
63
57
59
60
80
63
62
70
57
60
62
64
68
77
61
52
68
57
50
54
54
80
55
56
59
68
64
73
68
61
67
70
58
62
57
72
79
76
78
68
57
70
79
53
76
57
72
68
79
56
67
63
59
62
80
85
61
68
61
66
75
56
74
56
72
58
62
58
61
51
80
61
55
55
62
77
68
57
54
60
45
52
73
82
57
62
79
62
54
65
55
57
54
67
65
78
60
55
65
61
68
47
63
65
58
62
65
59
76
65
58
74
62
59
59
71
88
63
68
69
59
66
63
63
59
75
88
72
63
52
67
52
55
56
78
60
84
62
67
61
57
73
81
77
69
57
57
56
58
57
68
62
59
57
57
65
52
75
57
64
75
64
52
55
55
70
62
60
80
57
64
51
68
76
60
58
64
71
68
56
72
76
67
65
67
58
63
50
55
70
62
68
68
69
54
76
61
66
57
57
51
58
44
57
78
61
53
69
56
80
58
77
72
69
61
75
56
68
62
62
64
54
52
76
74
68
57
56
44
59
57
57
77
64
79
54
48
60
67
57
50
60
57
55
80
67
65
75
71
56
55
60
62
66
51
57
57
57
58
60
61
59
57
61
74
67
72
67
51
68
77
66
67
57
57
26
83
67
65
64
78
72
58
61
60
53
46
70
52
71
68
54
60
58
55
59
63
77
68
61
65
65
61
50
86
60
61
88
66
61
71
68
61
70
76
76
59
64
62
58
74
55
59
64
64
76
74
59
72
60
68
78
57
61
59
74
74
58
60
74
56
76
58
47
89
69
64
71
71
84
63
56
61
60
44
68
62
55
75
71
72
68
59
57
81
61
59
87
41
76
65
65
69
60
59
61
61
62
69
63
61
52
60
57
61
76
66
61
65
83
60
62
62
76
79
57
74
62
81
57
54
60
61
62
65
54
70
62
55
69
74
54
39
63
68
65
70
68
61
78
59
52
56
66
58
54
73
45
75
57
60
59
67
57
55
64
78
56
64
63
60
57
60
71
42
66
77
78
55
67
47
64
70
76
52
61
62
57
74
59
57
77
49
49
80
74
46
60
70
79
55
62
50
67
60
66
72
51
77
57
63
54
71
67
53
55
72
59
45
62
62
55
60
62
63
60
55
73
61
51
71
57
55
53
58
75
76
61
57
60
46
87
73
65
57
63
69
68
53
57
53
82
54
58
60
61
81
56
75
81
73
72
65
62
67
76
54
62
72
61
60
77
69
55
71
71
68
63
74
57
58
59
55
58
57
77
59
71
62
70
73
66
57
68
78
62
80
51
55
56
84
68
65
62
81
56
52
73
42
55
51
75
70
58
58
52
78
79
63
55
54
52
58
55
56
69
71
79
79
78
72
61
56
70
69
58
75
57
60
57
80
79
66
65
77
82
61
68
70
50
51
58
52
60
67
89
76
67
61
55
65
68
58
51
63
58
54
57
60
54
76
74
66
76
55
62
78
68
47
75
77
55
77
69
40
53
84
74
61
60
66
67
60
55
59
61
61
53
63
76
68
61
44
63
49
68
67
56
60
71
79
56
67
69
76
59
71
82
74
71
56
77
77
74
81
78
79
63
60
44
59
62
79
54
71
50
57
79
70
79
62
53
61
59
60
70
76
56
74
57
69
65
50
64
71
61
71
69
55
56
83
60
57
55
71
71
60
67
78
60
68
57
61
67
59
51
78
52
61
57
81
57
51
58
56
62
65
59
68
62
64
77
46
69
53
69
64
69
59
79
69
52
66
47
62
66
71
57
72
52
62
68
62
57
66
82
77
64
54
65
45
66
64
42
52
55
72
61
64
75
69
62
46
47
73
76
60
61
57
60
62
76
55
50
54
71
60
72
57
70
62
64
66
56
59
59
76
40
61
56
64
78
69
77
76
63
54
63
41
62
59
54
52
63
56
68
52
64
45
71
68
57
60
52
60
60
59
76
62
62
62
58
58
60
57
58
56
64
53
50
55
54
44
76
47
54
53
81
80
57
52
58
68
55
67
60
53
58
60
67
57
77
58
80
58
65
72
50
68
76
78
55
63
72
77
63
73
