94
174
716
69
38
154
403
196
1045
1773
270
206
1460
403
638
110
277
79
134
63
50
93
323
128
45
157
97
267
67
1403
770
37
163
68
0
296
1091
226
153
127
183
222
125
81
107
159
869
105
98
61
195
577
1051
163
132
60
219
169
51
0
118
945
264
131
1586
60
1208
11
1343
0
785
193
0
107
202
44
1598
37
170
177
686
54
292
1257
162
935
115
101
61
123
42
124
155
766
797
129
318
117
92
234
63
192
149
65
193
523
78
115
192
133
1061
147
638
242
100
182
208
675
0
115
369
358
112
93
228
102
110
14
1131
207
2035
199
12
237
146
0
416
202
0
167
1620
160
651
78
93
1403
79
243
0
106
2262
52
1618
1264
264
220
712
61
1251
61
153
111
143
50
315
169
22
2302
53
1087
89
0
427
362
58
51
264
64
236
92
89
0
157
52
174
1081
0
158
197
1899
0
1133
252
89
818
611
283
77
145
263
818
162
118
156
282
69
0
100
311
393
96
166
92
77
170
247
133
608
94
312
944
83
46
1835
915
611
724
58
66
0
638
81
0
283
112
200
0
1230
132
123
138
224
401
987
148
158
151
132
0
58
83
204
122
27
137
46
898
796
222
0
19
0
244
881
1036
0
196
1855
189
223
1620
1487
9
1336
132
587
628
702
80
136
38
800
672
194
182
0
121
62
0
555
204
172
86
0
1545
442
438
6218
79
93
58
149
116
509
867
53
235
237
108
237
382
525
111
222
146
805
160
419
160
266
1061
733
0
2142
165
167
78
0
98
176
99
64
690
143
89
154
0
198
227
165
522
389
0
0
97
340
580
13
259
0
3261
412
172
258
46
110
159
90
126
238
1837
863
57
100
138
129
186
640
850
108
109
227
1658
1091
2107
205
1676
558
0
136
71
51
332
1159
108
169
652
192
30
221
63
131
218
58
129
203
90
241
181
400
149
170
188
458
243
252
71
0
1642
70
79
905
0
196
136
2472
181
102
0
135
136
1810
149
737
170
119
188
655
38
182
110
186
253
562
32
122
9
188
384
80
141
230
386
428
49
44
101
1085
201
583
2130
403
1474
260
76
165
136
106
1335
70
646
1837
76
1495
91
125
226
0
107
109
150
149
141
0
143
713
411
519
886
0
1694
108
2294
152
0
525
1656
121
533
419
291
55
272
146
128
314
0
29
118
200
87
0
274
229
0
2156
474
148
67
191
158
370
112
111
0
94
62
64
169
69
125
154
148
140
78
155
124
147
90
46
1229
143
109
132
0
1764
113
849
0
143
217
1192
99
552
58
235
183
97
258
1226
94
149
2814
739
95
94
125
155
53
1081
238
728
0
1284
106
8
63
143
0
1457
1145
128
169
819
1527
193
139
118
183
297
255
0
1907
125
193
53
452
87
82
101
1919
1449
153
100
3591
78
88
146
797
619
207
149
60
0
285
155
494
0
227
318
57
484
214
209
131
1746
1288
594
236
876
641
154
951
1792
1748
1416
222
132
227
199
194
93
208
1028
166
1174
137
141
0
165
75
0
183
502
145
142
39
68
51
346
0
211
200
130
26
79
135
80
604
43
260
115
171
0
158
72
405
143
59
855
894
194
61
102
162
121
141
0
65
209
215
86
159
666
151
144
126
145
1307
566
91
895
221
1073
417
58
1361
1303
0
0
874
54
75
0
136
73
142
929
159
815
2848
9
180
120
0
271
101
152
52
0
119
105
149
41
100
771
193
121
0
0
99
230
57
19
0
1343
998
237
291
0
723
142
127
217
502
72
69
257
113
144
90
142
184
75
311
132
517
0
1694
80
135
88
1361
147
0
110
1352
126
80
112
91
813
0
215
407
184
561
534
154
1078
1698
943
0
0
796
842
917
95
875
1247
43
3659
566
113
100
1709
1160
152
106
0
300
1329
140
273
0
98
0
135
175
122
281
68
127
188
78
186
0
0
196
80
151
3449
0
103
127
0
1071
122
172
173
541
394
132
1531
0
0
80
3813
0
1598
0
35
131
312
192
150
0
270
42
114
605
728
185
223
255
979
124
0
2568
65
140
346
96
112
3565
279
261
210
1265
90
87
147
491
126
145
91
164
833
0
302
108
0
132
148
144
128
1062
1253
208
93
462
146
65
308
0
979
163
161
97
882
349
42
119
0
163
73
106
92
1373
99
134
401
98
122
0
956
71
2327
292
77
2586
246
149
486
773
611
977
19
62
500
159
897
95
72
0
1912
158
48
761
474
156
184
117
118
142
64
99
702
60
177
685
492
700
66
139
84
89
1556
247
2022
188
79
0
460
870
173
992
9
155
572
307
103
110
130
59
1008
0
214
903
144
94
1177
152
53
224
0
182
93
1418
100
112
78
112
1598
57
435
186
143
1547
410
